-2.856938362e-01 1.036329809e-01 2.084968543e-14
-9.909271588e-01 2.331101744e-02 -3.051803391e-01
-1.050115356e+00 6.991989645e-02 -1.958691549e-01
-1.052811574e+00 5.869661627e-02 -1.335304418e-01
-1.085768302e+00 4.618990916e-02 -1.045708643e-01
-1.143309071e+00 3.861114101e-02 -9.018961292e-02
-1.211839075e+00 3.422310878e-02 -8.191138704e-02
-1.283347812e+00 3.149970698e-02 -7.638383631e-02
-1.354108307e+00 2.964973424e-02 -7.225505927e-02
-1.422624860e+00 2.829998501e-02 -6.893919634e-02
-1.488404249e+00 2.726899942e-02 -6.615316015e-02
-1.551353092e+00 2.645849350e-02 -6.374145754e-02
-1.611515715e+00 2.580744179e-02 -6.160802068e-02
-1.668972809e+00 2.527353729e-02 -5.968816680e-02
-1.723808310e+00 2.482555366e-02 -5.793595815e-02
-1.776102160e+00 2.443984998e-02 -5.631776476e-02
-1.825931316e+00 2.409845132e-02 -5.480854492e-02
-1.873372388e+00 2.378777784e-02 -5.338946315e-02
-1.918503789e+00 2.349769491e-02 -5.204625555e-02
-1.961406922e+00 2.322076325e-02 -5.076806044e-02
-2.002166542e+00 2.295163745e-02 -4.954656148e-02
-2.040870499e+00 2.268658324e-02 -4.837535122e-02
-2.077609100e+00 2.242309228e-02 -4.724945451e-02
-2.112474266e+00 2.215957710e-02 -4.616497015e-02
-2.145558617e+00 2.189513133e-02 -4.511880089e-02
-2.176954561e+00 2.162934297e-02 -4.410844991e-02
-2.206753459e+00 2.136215008e-02 -4.313186773e-02
-2.235044886e+00 2.109373055e-02 -4.218733726e-02
-2.261916016e+00 2.082441863e-02 -4.127338789e-02
-2.287451120e+00 2.055464273e-02 -4.038873166e-02
-2.311731186e+00 2.028487962e-02 -3.953221605e-02
-2.334833644e+00 2.001562155e-02 -3.870278944e-02
-2.356832191e+00 1.974735309e-02 -3.789947600e-02
-2.377796690e+00 1.948053549e-02 -3.712135773e-02
-2.397793147e+00 1.921559667e-02 -3.636756171e-02
-2.416883739e+00 1.895292536e-02 -3.563725127e-02
-2.435126889e+00 1.869286833e-02 -3.492961993e-02
-2.452577380e+00 1.843572970e-02 -3.424388738e-02
-2.469286481e+00 1.818177189e-02 -3.357929692e-02
-2.485302112e+00 1.793121751e-02 -3.293511390e-02
-2.500669001e+00 1.768425189e-02 -3.231062471e-02
-2.515428858e+00 1.744102602e-02 -3.170513637e-02
-2.529620551e+00 1.720165960e-02 -3.111797626e-02
-2.543280280e+00 1.696624417e-02 -3.054849201e-02
-2.556441743e+00 1.673484612e-02 -2.999605149e-02
-2.569136307e+00 1.650750957e-02 -2.946004278e-02
-2.581393163e+00 1.628425905e-02 -2.893987409e-02
-2.593239478e+00 1.606510207e-02 -2.843497368e-02
-2.604700537e+00 1.585003133e-02 -2.794478968e-02
-2.615799883e+00 1.563902683e-02 -2.746878985e-02
-2.626559439e+00 1.543205774e-02 -2.700646132e-02
-2.636999626e+00 1.522908403e-02 -2.655731023e-02
-2.647139481e+00 1.503005802e-02 -2.612086130e-02
-2.656996751e+00 1.483492563e-02 -2.569665748e-02
-2.666587993e+00 1.464362758e-02 -2.528425938e-02
-2.675928663e+00 1.445610038e-02 -2.488324484e-02
-2.685033196e+00 1.427227722e-02 -2.449320836e-02
-2.693915082e+00 1.409208875e-02 -2.411376061e-02
-2.702586937e+00 1.391546375e-02 -2.374452784e-02
-2.711060567e+00 1.374232969e-02 -2.338515134e-02
-2.719347026e+00 1.357261327e-02 -2.303528689e-02
-2.727456672e+00 1.340624077e-02 -2.269460423e-02
-2.735399218e+00 1.324313848e-02 -2.236278647e-02
-2.743183777e+00 1.308323297e-02 -2.203952961e-02
-2.750818906e+00 1.292645136e-02 -2.172454197e-02
-2.758312646e+00 1.277272153e-02 -2.141754370e-02
-2.765672554e+00 1.262197231e-02 -2.111826629e-02
-2.772905744e+00 1.247413358e-02 -2.082645207e-02
-2.780018909e+00 1.232913646e-02 -2.054185376e-02
-2.787018357e+00 1.218691333e-02 -2.026423399e-02
-2.793910033e+00 1.204739797e-02 -1.999336492e-02
-2.800699544e+00 1.191052554e-02 -1.972902775e-02
-2.807392183e+00 1.177623267e-02 -1.947101240e-02
-2.813992945e+00 1.164445750e-02 -1.921911706e-02
-2.820506553e+00 1.151513963e-02 -1.897314784e-02
-2.826937467e+00 1.138822018e-02 -1.873291843e-02
-2.833289910e+00 1.126364176e-02 -1.849824977e-02
-2.839567875e+00 1.114134848e-02 -1.826896968e-02
-2.845775142e+00 1.102128591e-02 -1.804491261e-02
-2.851915291e+00 1.090340107e-02 -1.782591931e-02
-2.857991715e+00 1.078764242e-02 -1.761183658e-02
-2.864007629e+00 1.067395982e-02 -1.740251697e-02
-2.869966081e+00 1.056230450e-02 -1.719781853e-02
-2.875869963e+00 1.045262903e-02 -1.699760460e-02
-2.881722019e+00 1.034488729e-02 -1.680174355e-02
-2.887524853e+00 1.023903444e-02 -1.661010856e-02
-2.893280935e+00 1.013502689e-02 -1.642257743e-02
-2.898992615e+00 1.003282225e-02 -1.623903237e-02
-2.904662120e+00 9.932379301e-03 -1.605935979e-02
-2.910291569e+00 9.833657982e-03 -1.588345018e-02
-2.915882976e+00 9.736619329e-03 -1.571119785e-02
-2.921438251e+00 9.641225458e-03 -1.554250085e-02
-2.926959214e+00 9.547439527e-03 -1.537726077e-02
-2.932447593e+00 9.455225705e-03 -1.521538260e-02
-2.937905030e+00 9.364549142e-03 -1.505677458e-02
-2.943333089e+00 9.275375938e-03 -1.490134810e-02
-2.948733256e+00 9.187673113e-03 -1.474901753e-02
-2.954106942e+00 9.101408580e-03 -1.459970012e-02
-2.959455493e+00 9.016551115e-03 -1.445331588e-02
-2.964780186e+00 8.933070332e-03 -1.430978746e-02
-2.970082238e+00 8.850936654e-03 -1.416904008e-02
-2.975362804e+00 8.770121292e-03 -1.403100138e-02
-2.980622984e+00 8.690596217e-03 -1.389560135e-02
-2.985863825e+00 8.612334137e-03 -1.376277225e-02
-2.991086321e+00 8.535308475e-03 -1.363244849e-02
-2.996291420e+00 8.459493347e-03 -1.350456658e-02
-3.001480021e+00 8.384863540e-03 -1.337906502e-02
-3.006652980e+00 8.311394494e-03 -1.325588426e-02
-3.011811112e+00 8.239062275e-03 -1.313496660e-02
-3.016955189e+00 8.167843567e-03 -1.301625611e-02
-3.022085950e+00 8.097715643e-03 -1.289969860e-02
-3.027204093e+00 8.028656354e-03 -1.278524154e-02
-3.032310283e+00 7.960644108e-03 -1.267283399e-02
-3.037405153e+00 7.893657857e-03 -1.256242653e-02
-3.042489305e+00 7.827677077e-03 -1.245397126e-02
-3.047563308e+00 7.762681756e-03 -1.234742168e-02
-3.052627707e+00 7.698652377e-03 -1.224273269e-02
-3.057683016e+00 7.635569905e-03 -1.213986050e-02
-3.062729725e+00 7.573415770e-03 -1.203876263e-02
-3.067768300e+00 7.512171860e-03 -1.193939781e-02
-3.072799183e+00 7.451820501e-03 -1.184172598e-02
-3.077822792e+00 7.392344449e-03 -1.174570823e-02
-3.082839527e+00 7.333726876e-03 -1.165130677e-02
-3.087849764e+00 7.275951359e-03 -1.155848488e-02
-3.092853864e+00 7.219001866e-03 -1.146720688e-02
-3.097852165e+00 7.162862752e-03 -1.137743810e-02
-3.102844991e+00 7.107518740e-03 -1.128914484e-02
-3.107832647e+00 7.052954916e-03 -1.120229434e-02
-3.112815425e+00 6.999156717e-03 -1.111685474e-02
-3.117793598e+00 6.946109923e-03 -1.103279505e-02
-3.122767427e+00 6.893800646e-03 -1.095008517e-02
-3.127737159e+00 6.842215321e-03 -1.086869576e-02
-3.132703028e+00 6.791340700e-03 -1.078859833e-02
-3.137665255e+00 6.741163838e-03 -1.070976513e-02
-3.142624049e+00 6.691672092e-03 -1.063216915e-02
-3.147579608e+00 6.642853106e-03 -1.055578412e-02
-3.152532120e+00 6.594694807e-03 -1.048058446e-02
-3.157481761e+00 6.547185398e-03 -1.040654526e-02
-3.162428699e+00 6.500313350e-03 -1.033364226e-02
-3.167373091e+00 6.454067392e-03 -1.026185186e-02
-3.172315087e+00 6.408436510e-03 -1.019115104e-02
-3.177254827e+00 6.363409933e-03 -1.012151740e-02
-3.182192444e+00 6.318977135e-03 -1.005292910e-02
-3.187128063e+00 6.275127820e-03 -9.985364882e-03
-3.192061800e+00 6.231851924e-03 -9.918804004e-03
-3.196993769e+00 6.189139601e-03 -9.853226264e-03
-3.201924071e+00 6.146981226e-03 -9.788611966e-03
-3.206852805e+00 6.105367381e-03 -9.724941911e-03
-3.211780063e+00 6.064288855e-03 -9.662197376e-03
-3.216705931e+00 6.023736637e-03 -9.600360106e-03
-3.221630490e+00 5.983701912e-03 -9.539412297e-03
-3.226553814e+00 5.944176053e-03 -9.479336581e-03
-3.231475976e+00 5.905150619e-03 -9.420116019e-03
-3.236397040e+00 5.866617349e-03 -9.361734083e-03
-3.241317069e+00 5.828568160e-03 -9.304174644e-03
-3.246236119e+00 5.790995137e-03 -9.247421965e-03
-3.251154244e+00 5.753890535e-03 -9.191460686e-03
-3.256071493e+00 5.717246769e-03 -9.136275813e-03
-3.260987911e+00 5.681056415e-03 -9.081852710e-03
-3.265903541e+00 5.645312202e-03 -9.028177088e-03
-3.270818422e+00 5.610007012e-03 -8.975234992e-03
-3.275732589e+00 5.575133872e-03 -8.923012795e-03
-3.280646076e+00 5.540685953e-03 -8.871497191e-03
-3.285558911e+00 5.506656567e-03 -8.820675179e-03
-3.290471121e+00 5.473039160e-03 -8.770534059e-03
-3.295382732e+00 5.439827314e-03 -8.721061426e-03
-3.300293766e+00 5.407014738e-03 -8.672245155e-03
-3.305204241e+00 5.374595269e-03 -8.624073400e-03
-3.310114175e+00 5.342562868e-03 -8.576534582e-03
-3.315023584e+00 5.310911614e-03 -8.529617384e-03
-3.319932480e+00 5.279635706e-03 -8.483310743e-03
-3.324840875e+00 5.248729456e-03 -8.437603844e-03
-3.329748778e+00 5.218187288e-03 -8.392486111e-03
-3.334656196e+00 5.188003737e-03 -8.347947204e-03
-3.339563136e+00 5.158173442e-03 -8.303977009e-03
-3.344469601e+00 5.128691147e-03 -8.260565636e-03
-3.349375595e+00 5.099551698e-03 -8.217703410e-03
-3.354281118e+00 5.070750039e-03 -8.175380864e-03
-3.359186171e+00 5.042281211e-03 -8.133588741e-03
-3.364090751e+00 5.014140349e-03 -8.092317979e-03
-3.368994856e+00 4.986322682e-03 -8.051559711e-03
-3.373898483e+00 4.958823525e-03 -8.011305261e-03
-3.378801625e+00 4.931638286e-03 -7.971546135e-03
-3.383704277e+00 4.904762454e-03 -7.932274021e-03
-3.388606432e+00 4.878191605e-03 -7.893480781e-03
-3.393508080e+00 4.851921395e-03 -7.855158445e-03
-3.398409213e+00 4.825947562e-03 -7.817299214e-03
-3.403309821e+00 4.800265918e-03 -7.779895447e-03
-3.408209892e+00 4.774872356e-03 -7.742939663e-03
-3.413109415e+00 4.749762841e-03 -7.706424534e-03
-3.418008376e+00 4.724933411e-03 -7.670342883e-03
-3.422906763e+00 4.700380175e-03 -7.634687678e-03
-3.427804561e+00 4.676099312e-03 -7.599452032e-03
-3.432701754e+00 4.652087069e-03 -7.564629194e-03
-3.437598329e+00 4.628339760e-03 -7.530212553e-03
-3.442494267e+00 4.604853762e-03 -7.496195628e-03
-3.447389553e+00 4.581625518e-03 -7.462572066e-03
-3.452284170e+00 4.558651530e-03 -7.429335643e-03
-3.457178098e+00 4.535928364e-03 -7.396480256e-03
-3.462071319e+00 4.513452643e-03 -7.363999925e-03
-3.466963816e+00 4.491221049e-03 -7.331888784e-03
-3.471855567e+00 4.469230320e-03 -7.300141083e-03
-3.476746553e+00 4.447477251e-03 -7.268751183e-03
-3.481636754e+00 4.425958690e-03 -7.237713557e-03
-3.486526148e+00 4.404671539e-03 -7.207022780e-03
-3.491414715e+00 4.383612751e-03 -7.176673535e-03
-3.496302433e+00 4.362779330e-03 -7.146660605e-03
-3.501189279e+00 4.342168332e-03 -7.116978872e-03
-3.506075232e+00 4.321776857e-03 -7.087623315e-03
-3.510960269e+00 4.301602058e-03 -7.058589010e-03
-3.515844366e+00 4.281641132e-03 -7.029871122e-03
-3.520727501e+00 4.261891321e-03 -7.001464909e-03
-3.525609649e+00 4.242349914e-03 -6.973365717e-03
-3.530490788e+00 4.223014241e-03 -6.945568978e-03
-3.535370891e+00 4.203881678e-03 -6.918070208e-03
-3.540249936e+00 4.184949640e-03 -6.890865006e-03
-3.545127897e+00 4.166215586e-03 -6.863949053e-03
-3.550004750e+00 4.147677013e-03 -6.837318107e-03
-3.554880469e+00 4.129331458e-03 -6.810968003e-03
-3.559755028e+00 4.111176499e-03 -6.784894655e-03
-3.564628404e+00 4.093209748e-03 -6.759094046e-03
-3.569500568e+00 4.075428857e-03 -6.733562234e-03
-3.574371496e+00 4.057831514e-03 -6.708295346e-03
-3.579241162e+00 4.040415441e-03 -6.683289581e-03
-3.584109539e+00 4.023178397e-03 -6.658541202e-03
-3.588976600e+00 4.006118174e-03 -6.634046541e-03
-3.593842319e+00 3.989232599e-03 -6.609801992e-03
-3.598706670e+00 3.972519529e-03 -6.585804015e-03
-3.603569624e+00 3.955976858e-03 -6.562049129e-03
-3.608431156e+00 3.939602506e-03 -6.538533917e-03
-3.613291239e+00 3.923394429e-03 -6.515255019e-03
-3.618149843e+00 3.907350611e-03 -6.492209133e-03
-3.623006944e+00 3.891469066e-03 -6.469393016e-03
-3.627862512e+00 3.875747838e-03 -6.446803479e-03
-3.632716521e+00 3.860184999e-03 -6.424437387e-03
-3.637568942e+00 3.844778650e-03 -6.402291660e-03
-3.642419749e+00 3.829526920e-03 -6.380363270e-03
-3.647268912e+00 3.814427963e-03 -6.358649239e-03
-3.652116405e+00 3.799479962e-03 -6.337146640e-03
-3.656962198e+00 3.784681125e-03 -6.315852595e-03
-3.661806265e+00 3.770029686e-03 -6.294764275e-03
-3.666648577e+00 3.755523905e-03 -6.273878898e-03
-3.671489106e+00 3.741162066e-03 -6.253193721e-03
-3.676327823e+00 3.726942475e-03 -6.232706069e-03
-3.681164700e+00 3.712863468e-03 -6.212413279e-03
-3.685999710e+00 3.698923398e-03 -6.192312757e-03
-3.690832823e+00 3.685120643e-03 -6.172401937e-03
-3.695664010e+00 3.671453615e-03 -6.152678282e-03
-3.700493246e+00 3.657920701e-03 -6.133139379e-03
-3.705320499e+00 3.644520394e-03 -6.113782721e-03
-3.710145743e+00 3.631251142e-03 -6.094605940e-03
-3.714968949e+00 3.618111424e-03 -6.075606672e-03
-3.719790086e+00 3.605099750e-03 -6.056782594e-03
-3.724609129e+00 3.592214663e-03 -6.038131421e-03
-3.729426047e+00 3.579454697e-03 -6.019650907e-03
-3.734240813e+00 3.566818427e-03 -6.001338839e-03
-3.739053397e+00 3.554304439e-03 -5.983193039e-03
-3.743863772e+00 3.541911340e-03 -5.965211363e-03
-3.748671909e+00 3.529637755e-03 -5.947391704e-03
-3.753477779e+00 3.517482328e-03 -5.929731983e-03
-3.758281354e+00 3.505443721e-03 -5.912230158e-03
-3.763082605e+00 3.493520613e-03 -5.894884215e-03
-3.767881504e+00 3.481711700e-03 -5.877692176e-03
-3.772678023e+00 3.470015697e-03 -5.860652087e-03
-3.777472132e+00 3.458431335e-03 -5.843762031e-03
-3.782263804e+00 3.446957361e-03 -5.827020116e-03
-3.787053010e+00 3.435592538e-03 -5.810424480e-03
-3.791839722e+00 3.424335647e-03 -5.793973291e-03
-3.796623912e+00 3.413185482e-03 -5.777664743e-03
-3.801405551e+00 3.402140856e-03 -5.761497057e-03
-3.806184611e+00 3.391200594e-03 -5.745468483e-03
-3.810961063e+00 3.380363538e-03 -5.729577297e-03
-3.815734880e+00 3.369628543e-03 -5.713821799e-03
-3.820506034e+00 3.358994482e-03 -5.698200317e-03
-3.825274496e+00 3.348460238e-03 -5.682711202e-03
-3.830040238e+00 3.338024711e-03 -5.667352831e-03
-3.834803233e+00 3.327686814e-03 -5.652123604e-03
-3.839563452e+00 3.317445474e-03 -5.637021945e-03
-3.844320868e+00 3.307299632e-03 -5.622046302e-03
-3.849075452e+00 3.297248239e-03 -5.607195145e-03
-3.853827178e+00 3.287290264e-03 -5.592466967e-03
-3.858576016e+00 3.277424685e-03 -5.577860283e-03
-3.863321940e+00 3.267650494e-03 -5.563373630e-03
-3.868064922e+00 3.257966696e-03 -5.549005564e-03
-3.872804934e+00 3.248372308e-03 -5.534754666e-03
-3.877541950e+00 3.238866357e-03 -5.520619534e-03
-3.882275941e+00 3.229447886e-03 -5.506598788e-03
-3.887006880e+00 3.220115947e-03 -5.492691067e-03
-3.891734740e+00 3.210869602e-03 -5.478895030e-03
-3.896459494e+00 3.201707929e-03 -5.465209356e-03
-3.901181115e+00 3.192630013e-03 -5.451632741e-03
-3.905899575e+00 3.183634952e-03 -5.438163901e-03
-3.910614848e+00 3.174721854e-03 -5.424801569e-03
-3.915326906e+00 3.165889839e-03 -5.411544498e-03
-3.920035724e+00 3.157138036e-03 -5.398391456e-03
-3.924741274e+00 3.148465586e-03 -5.385341231e-03
-3.929443529e+00 3.139871639e-03 -5.372392626e-03
-3.934142464e+00 3.131355355e-03 -5.359544460e-03
-3.938838051e+00 3.122915906e-03 -5.346795572e-03
-3.943530264e+00 3.114552471e-03 -5.334144815e-03
-3.948219077e+00 3.106264241e-03 -5.321591056e-03
-3.952904463e+00 3.098050415e-03 -5.309133181e-03
-3.957586397e+00 3.089910202e-03 -5.296770090e-03
-3.962264853e+00 3.081842821e-03 -5.284500697e-03
-3.966939803e+00 3.073847498e-03 -5.272323934e-03
-3.971611224e+00 3.065923471e-03 -5.260238745e-03
-3.976279088e+00 3.058069985e-03 -5.248244089e-03
-3.980943371e+00 3.050286293e-03 -5.236338940e-03
-3.985604046e+00 3.042571659e-03 -5.224522284e-03
-3.990261088e+00 3.034925354e-03 -5.212793123e-03
-3.994914472e+00 3.027346658e-03 -5.201150472e-03
-3.999564172e+00 3.019834859e-03 -5.189593358e-03
-4.004210163e+00 3.012389252e-03 -5.178120823e-03
-4.008852421e+00 3.005009143e-03 -5.166731920e-03
-4.013490919e+00 2.997693843e-03 -5.155425715e-03
-4.018125634e+00 2.990442673e-03 -5.144201289e-03
-4.022756541e+00 2.983254961e-03 -5.133057732e-03
-4.027383614e+00 2.976130042e-03 -5.121994147e-03
-4.032006829e+00 2.969067259e-03 -5.111009650e-03
-4.036626162e+00 2.962065962e-03 -5.100103368e-03
-4.041241588e+00 2.955125511e-03 -5.089274439e-03
-4.045853084e+00 2.948245269e-03 -5.078522013e-03
-4.050460624e+00 2.941424609e-03 -5.067845252e-03
-4.055064185e+00 2.934662910e-03 -5.057243327e-03
-4.059663743e+00 2.927959559e-03 -5.046715421e-03
-4.064259274e+00 2.921313948e-03 -5.036260728e-03
-4.068850754e+00 2.914725479e-03 -5.025878451e-03
-4.073438160e+00 2.908193557e-03 -5.015567806e-03
-4.078021468e+00 2.901717595e-03 -5.005328016e-03
-4.082600655e+00 2.895297014e-03 -4.995158316e-03
-4.087175698e+00 2.888931240e-03 -4.985057951e-03
-4.091746573e+00 2.882619705e-03 -4.975026174e-03
-4.096313257e+00 2.876361848e-03 -4.965062250e-03
-4.100875727e+00 2.870157114e-03 -4.955165452e-03
-4.105433961e+00 2.864004955e-03 -4.945335062e-03
-4.109987936e+00 2.857904828e-03 -4.935570372e-03
-4.114537629e+00 2.851856195e-03 -4.925870682e-03
-4.119083018e+00 2.845858527e-03 -4.916235302e-03
-4.123624079e+00 2.839911297e-03 -4.906663550e-03
-4.128160792e+00 2.834013987e-03 -4.897154753e-03
-4.132693134e+00 2.828166082e-03 -4.887708246e-03
-4.137221083e+00 2.822367076e-03 -4.878323374e-03
-4.141744616e+00 2.816616464e-03 -4.868999488e-03
-4.146263713e+00 2.810913751e-03 -4.859735948e-03
-4.150778352e+00 2.805258443e-03 -4.850532122e-03
-4.155288510e+00 2.799650056e-03 -4.841387387e-03
-4.159794167e+00 2.794088107e-03 -4.832301126e-03
-4.164295301e+00 2.788572122e-03 -4.823272730e-03
-4.168791891e+00 2.783101628e-03 -4.814301599e-03
-4.173283915e+00 2.777676161e-03 -4.805387139e-03
-4.177771354e+00 2.772295259e-03 -4.796528763e-03
-4.182254186e+00 2.766958467e-03 -4.787725894e-03
-4.186732391e+00 2.761665334e-03 -4.778977957e-03
-4.191205947e+00 2.756415414e-03 -4.770284390e-03
-4.195674834e+00 2.751208266e-03 -4.761644633e-03
-4.200139033e+00 2.746043452e-03 -4.753058136e-03
-4.204598522e+00 2.740920542e-03 -4.744524354e-03
-4.209053282e+00 2.735839107e-03 -4.736042750e-03
-4.213503292e+00 2.730798726e-03 -4.727612793e-03
-4.217948534e+00 2.725798978e-03 -4.719233956e-03