Iteration	fx (deg^2)			X[km]			Y[Km]			Z[km]		Vx[km]		Vy[Km]		Vz[km]

	1	1.823500e+01			13059.444539			-7350.812560			21802.976163		2.125259		3.251838		-0.181519
	2	1.280472e-01			13067.388272			-7401.590018			21783.058170		2.137024		3.243665		-0.184892
	3	3.683894e-04			13067.533043			-7400.853359			21781.486715		2.137122		3.243809		-0.184860
	4	3.055833e-05			13067.355318			-7400.933339			21781.380891		2.137222		3.243769		-0.184865
	5	2.826602e-05			13067.314983			-7400.946081			21781.426036		2.137212		3.243772		-0.184869
	6	2.826602e-05			13067.314983			-7400.946081			21781.426036		2.137212		3.243772		-0.184869
	7	2.826602e-05			13067.314983			-7400.946081			21781.426036		2.137212		3.243772		-0.184869
	8	2.826602e-05			13067.314983			-7400.946081			21781.426036		2.137212		3.243772		-0.184869
	9	2.826602e-05			13067.314983			-7400.946081			21781.426036		2.137212		3.243772		-0.184869
	10	2.826602e-05			13067.314983			-7400.946081			21781.426036		2.137212		3.243772		-0.184869
	11	2.826602e-05			13067.314983			-7400.946081			21781.426036		2.137212		3.243772		-0.184869
	12	2.826602e-05			13067.314983			-7400.946081			21781.426036		2.137212		3.243772		-0.184869
	13	2.826602e-05			13067.314983			-7400.946081			21781.426036		2.137212		3.243772		-0.184869
	14	2.826602e-05			13067.314983			-7400.946081			21781.426036		2.137212		3.243772		-0.184869
	15	2.826602e-05			13067.314983			-7400.946081			21781.426036		2.137212		3.243772		-0.184869
	16	2.826602e-05			13067.314983			-7400.946081			21781.426036		2.137212		3.243772		-0.184869
	17	2.826602e-05			13067.314983			-7400.946081			21781.426036		2.137212		3.243772		-0.184869
	18	2.826602e-05			13067.314983			-7400.946081			21781.426036		2.137212		3.243772		-0.184869
	19	2.826602e-05			13067.314983			-7400.946081			21781.426036		2.137212		3.243772		-0.184869
	20	2.826602e-05			13067.314983			-7400.946081			21781.426036		2.137212		3.243772		-0.184869
	21	2.826602e-05			13067.314983			-7400.946081			21781.426036		2.137212		3.243772		-0.184869
	22	2.826602e-05			13067.314983			-7400.946081			21781.426036		2.137212		3.243772		-0.184869
	23	2.664198e-05			13067.359446			-7400.945436			21781.407496		2.137217		3.243767		-0.184874
	24	2.591088e-05			13067.378440			-7400.930518			21781.447897		2.137202		3.243770		-0.184875
	25	2.591088e-05			13067.378440			-7400.930518			21781.447897		2.137202		3.243770		-0.184875
	26	2.504387e-05			13067.388583			-7400.940301			21781.430062		2.137211		3.243766		-0.184879
	27	2.309274e-05			13067.381967			-7400.929490			21781.450454		2.137206		3.243767		-0.184879
	28	2.283129e-05			13067.386039			-7400.936064			21781.454299		2.137206		3.243766		-0.184880
	29	2.266876e-05			13067.397635			-7400.929455			21781.464360		2.137202		3.243767		-0.184881
	30	2.266876e-05			13067.397635			-7400.929455			21781.464360		2.137202		3.243767		-0.184881
	31	2.266876e-05			13067.397635			-7400.929455			21781.464360		2.137202		3.243767		-0.184881
	32	2.255257e-05			13067.400468			-7400.932655			21781.461017		2.137204		3.243765		-0.184883
	33	2.227478e-05			13067.401092			-7400.929846			21781.466234		2.137202		3.243765		-0.184883
	34	2.218262e-05			13067.399815			-7400.927409			21781.471627		2.137202		3.243765		-0.184883
	35	2.205269e-05			13067.405593			-7400.927984			21781.473121		2.137201		3.243765		-0.184884
	36	2.197852e-05			13067.403231			-7400.925675			21781.478142		2.137201		3.243764		-0.184885
	37	2.185594e-05			13067.409047			-7400.926023			21781.479541		2.137200		3.243764		-0.184885
	38	2.173947e-05			13067.412880			-7400.924420			21781.483854		2.137199		3.243764		-0.184886
	39	2.162070e-05			13067.418549			-7400.924546			21781.485780		2.137198		3.243764		-0.184886
	40	2.156180e-05			13067.416890			-7400.921886			21781.490906		2.137198		3.243763		-0.184887
	41	2.144760e-05			13067.422709			-7400.922180			21781.492304		2.137197		3.243763		-0.184888
	42	2.136217e-05			13067.426538			-7400.921134			21781.496033		2.137196		3.243763		-0.184889
	43	2.125429e-05			13067.432155			-7400.921063			21781.498107		2.137195		3.243763		-0.184889
	44	2.121913e-05			13067.430069			-7400.918318			21781.503029		2.137195		3.243762		-0.184890
	45	2.111633e-05			13067.435900			-7400.918645			21781.504373		2.137194		3.243762		-0.184890
	46	2.108003e-05			13067.436685			-7400.917696			21781.507568		2.137194		3.243762		-0.184891
	47	2.099222e-05			13067.442508			-7400.917691			21781.508972		2.137193		3.243762		-0.184891
	48	2.098278e-05			13067.440084			-7400.915799			21781.513069		2.137193		3.243761		-0.184892
	49	2.089744e-05			13067.446023			-7400.916093			21781.513830		2.137192		3.243761		-0.184892
	50	2.089606e-05			13067.444426			-7400.914798			21781.517012		2.137192		3.243761		-0.184893
	51	2.081675e-05			13067.450376			-7400.915082			21781.517658		2.137191		3.243761		-0.184893
	52	2.081424e-05			13067.448149			-7400.912359			21781.522484		2.137191		3.243761		-0.184894
	53	2.074102e-05			13067.454076			-7400.913368			21781.522296		2.137190		3.243761		-0.184894
	54	2.072850e-05			13067.455442			-7400.912785			21781.524739		2.137190		3.243760		-0.184895
	55	2.066000e-05			13067.461319			-7400.912870			21781.525824		2.137188		3.243761		-0.184895
	56	2.066000e-05			13067.461319			-7400.912870			21781.525824		2.137188		3.243761		-0.184895
	57	2.065347e-05			13067.460017			-7400.911485			21781.528131		2.137189		3.243760		-0.184896
	58	2.061564e-05			13067.462927			-7400.911815			21781.528738		2.137188		3.243760		-0.184896
	59	2.061064e-05			13067.462161			-7400.910341			21781.531239		2.137188		3.243760		-0.184896
	60	2.057715e-05			13067.465069			-7400.911047			21781.531445		2.137188		3.243760		-0.184896
	61	2.057446e-05			13067.464082			-7400.909610			21781.533903		2.137188		3.243760		-0.184897
	62	2.054725e-05			13067.466958			-7400.910468			21781.533603		2.137187		3.243760		-0.184897
	63	2.054481e-05			13067.466071			-7400.908913			21781.536037		2.137187		3.243760		-0.184897
	64	2.051989e-05			13067.468927			-7400.909812			21781.535629		2.137187		3.243760		-0.184897
	65	2.051815e-05			13067.467858			-7400.908394			21781.538075		2.137187		3.243760		-0.184898
	66	2.049602e-05			13067.470656			-7400.909412			21781.537532		2.137186		3.243760		-0.184898
	67	2.049310e-05			13067.469982			-7400.907650			21781.539898		2.137186		3.243759		-0.184898
	68	2.047282e-05			13067.472700			-7400.908879			21781.539364		2.137186		3.243759		-0.184898
	69	2.046759e-05			13067.472287			-7400.906998			21781.541699		2.137186		3.243759		-0.184898
	70	2.044916e-05			13067.474793			-7400.908096			21781.541567		2.137186		3.243759		-0.184899
	71	2.043775e-05			13067.474952			-7400.906481			21781.544107		2.137185		3.243759		-0.184899
	72	2.042686e-05			13067.477243			-7400.907616			21781.543900		2.137185		3.243759		-0.184899
	73	2.040781e-05			13067.478550			-7400.906117			21781.546132		2.137184		3.243759		-0.184899
	74	2.040267e-05			13067.479997			-7400.906688			21781.546719		2.137184		3.243759		-0.184900
	75	2.038005e-05			13067.482143			-7400.905715			21781.548533		2.137184		3.243759		-0.184900
	76	2.038005e-05			13067.482143			-7400.905715			21781.548533		2.137184		3.243759		-0.184900
	77	2.037957e-05			13067.482183			-7400.904979			21781.549806		2.137184		3.243759		-0.184900
	78	2.036680e-05			13067.483583			-7400.905077			21781.550317		2.137183		3.243759		-0.184900
	79	2.036680e-05			13067.483583			-7400.905077			21781.550317		2.137183		3.243759		-0.184900
	80	2.036680e-05			13067.483583			-7400.905077			21781.550317		2.137183		3.243759		-0.184900
	81	2.036680e-05			13067.483583			-7400.905077			21781.550317		2.137183		3.243759		-0.184900
